N <- 8
x <- c(1,2,4,8,16,32,64,128)
y <- c(0.011419053154730548,0.3020872983032803,0.49050133363109105,0.6353767065427329,0.7528097763807278,0.8300695326596896,0.8668277859260127,0.8976452183249011)
