N <- 10
x <- c(10, 20, 30, 40, 50, 60, 70, 80, 90, 100)
y <- c(-0.56923393  0.08989525  0.35321886  0.71552452  0.61707098  0.55730274
  0.7806199   0.34878083  0.56299834  0.43456586)
