N <- 10
x <- c(2, 4, 6, 8, 10, 12, 14, 16, 18, 20)
y <- c(-0.9653358592767537, -0.5376254372955703, -0.34648494997203305, -0.2262274480256016, -0.13960576070997174, -0.07238440226453129, -0.01769599431645537, 0.028265908239125115, 0.06781841074269795, 0.10247121474958333)
