N <- 7
c <- 10
s <- 200
x <- c(4,8,16,32,64,128,256)
y <- c(0.1672,0.2513,0.4161,0.5485,0.7381,0.7961,0.8471)