e <- c(0.166,0.35,-0.04,0.166,1.0,4.5,1.0,0.166,-1.0,3.0,1.5,0.166,0.04,0,0.6,0.37,0.166,1.1,-1.0,0.5,0.05,0.166,0.1,0.2,0.9,0.5)