N <- 10
x <- c(10, 20, 30, 40, 50, 60, 70, 80, 90, 100)
y <- c(-0.29793097 , 0.17786137 , 0.06588194 , 0.19176735 , 0.396987  ,  0.45805183, 0.54662281 , 0.59461918 , 0.54260023 , 0.49567349)