N <- 8
x <- c(1,2,4,8,16,32,64,128)
y <- c(0.011419053154730548,0.8789357656817718,1.3182627631694221,1.6296501964861005,1.8815382868310886,2.0776848460788733,2.2237507042127937,2.3566567240366054)
