N <- 10
x <- c(10, 20, 30, 40, 50, 60, 70, 80, 90, 100)
y <- c(-0.1656414 ,  0.69694178 , 0.01240406 , 0.26919887 , 0.07043455 , 0.45374117,0.86718927 , 0.41630211 , 0.33450613 , 0.31921461)
