N <- 10
c <- 100
s <- 10
x <- c(10, 20, 30, 40, 50, 60, 70, 80, 90, 100)
y <- c(-0.03030172 , 0.13885112 , 0.22893758 , 0.3226328 ,  0.37479335 , 0.55897242 , 0.6740903 ,  0.45686263 , 0.50347493 , 0.48299292)